# --- local parameters  --- #
fx: 362.883664
fy: 363.642850
cx: 365.897846
cy: 251.220460
d0: -0.243561
d1: 0.044257
d2: 0.000075
d3:  -0.000896
RANSAC_iterations: 200
erosion_size: 3
dilation_size: 3
dilation_elem: 0
erosion_elem: 0
color1: "violet"
color2: "green"
cylinder_size: 0.15
color11_low: 28
color12_low: 80
color13_low: 20
color21_low: 8
color22_low: 40
color32_low: 25
color31_low: 0
color32_low: 170
color33_low: 64
color11_high: 40
color12_high: 180
color13_high: 180
color21_high: 20
color22_high: 126
color32_high: 86
color31_high: 12
color32_high: 191
color33_high: 95

#[image]

#width
#752

#height
#480

#[narrow_stereo/left]

#camera matrix
#361.537002 0.000000 349.640033
#0.000000 362.739289 238.151528
#0.000000 0.000000 1.000000

#distortion
#-0.236460 0.041656 -0.000644 0.000827 0.000000

#rectification
#1.000000 0.000000 0.000000
#0.000000 1.000000 0.000000
#0.000000 0.000000 1.000000

#projection
#251.242264 0.000000 347.635837 0.000000
#0.000000 317.821014 236.534539 0.000000
#0.000000 0.000000 1.000000 0.000000



#calibration oscar
#[image]

#width
#752

#height
#480

#[narrow_stereo/left]

#camera matrix
#366.388492 0.000000 357.590653
#0.000000 366.926533 212.615826
#0.000000 0.000000 1.000000

#distortion
#-0.246931 0.046616 -0.000852 0.000543 0.000000

#rectification
##1.000000 0.000000 0.000000
#0.000000 1.000000 0.000000
#0.000000 0.000000 1.000000

#projection
#255.826416 0.000000 361.113009 0.000000
#0.000000 317.558289 202.586822 0.000000
#0.000000 0.000000 1.000000 0.000000



#quadrotor alpha
#[image]

#width
#752

#height
#480

#[narrow_stereo/left]

#camera matrix
#362.883664 0.000000 365.897846
#0.000000 363.642850 251.220460
#0.000000 0.000000 1.000000

#distortion
#-0.243561 0.044257 0.000075 -0.000896 0.000000

#rectification
#1.000000 0.000000 0.000000
#0.000000 1.000000 0.000000
#0.000000 0.000000 1.000000

#projection
#248.430420 0.000000 365.682856 0.000000
#0.000000 317.281982 254.484069 0.000000
#0.000000 0.000000 1.000000 0.000000

