# --- local parameters  --- #
fx: 361.537002
fy: 362.739289
cx: 349.640033
cy: 238.151528
d0: -0.236460
d1: 0.041656
d2: -0.000644
d3:  0.000827
RANSAC_iterations: 4400



#[image]

#width
#752

#height
#480

#[narrow_stereo/left]

#camera matrix
#361.537002 0.000000 349.640033
#0.000000 362.739289 238.151528
#0.000000 0.000000 1.000000

#distortion
#-0.236460 0.041656 -0.000644 0.000827 0.000000

#rectification
#1.000000 0.000000 0.000000
#0.000000 1.000000 0.000000
#0.000000 0.000000 1.000000

#projection
#251.242264 0.000000 347.635837 0.000000
#0.000000 317.821014 236.534539 0.000000
#0.000000 0.000000 1.000000 0.000000
