# --- local parameters  --- #
fx: 365.823906
fy: 366.357654
cx: 350.083347
cy: 233.967902
d0: 0.321459
d1: -0.023198
d2: -0.000118
d3: -0.000774
d4: 0.001445
d5: 0.651311
d6: 0.000000
d7: 0.000000
RANSAC_iterations: 200
erosion_size: 3
dilation_size: 3
dilation_elem: 0
erosion_elem: 0
color1: "violet"
color2: "violet"
cylinder_size: 0.13
 
color11_low: 26
color12_low: 120
color13_low: 5

color21_low: 8
color22_low: 40
color23_low: 25

color31_low: 6
color32_low: 145
color33_low: 30

color11_high: 40
color12_high: 160
color13_high: 50

color21_high: 25
color22_high: 126
color23_high: 86

color31_high: 10
color32_high: 200
color33_high: 90

#[image]

#width
#752

#height
#480

#[narrow_stereo/left]

#camera matrix
#361.537002 0.000000 349.640033
#0.000000 362.739289 238.151528
#0.000000 0.000000 1.000000

#distortion
#-0.236460 0.041656 -0.000644 0.000827 0.000000

#rectification
#1.000000 0.000000 0.000000
#0.000000 1.000000 0.000000
#0.000000 0.000000 1.000000

#projection
#251.242264 0.000000 347.635837 0.000000
#0.000000 317.821014 236.534539 0.000000
#0.000000 0.000000 1.000000 0.000000



#calibration oscar
#[image]

#width
#752

#height
#480

#[narrow_stereo/left]

#camera matrix
#366.388492 0.000000 357.590653
#0.000000 366.926533 212.615826
#0.000000 0.000000 1.000000

#distortion
#-0.246931 0.046616 -0.000852 0.000543 0.000000

#rectification
##1.000000 0.000000 0.000000
#0.000000 1.000000 0.000000
#0.000000 0.000000 1.000000

#projection
#255.826416 0.000000 361.113009 0.000000
#0.000000 317.558289 202.586822 0.000000
#0.000000 0.000000 1.000000 0.000000



#quadrotor alpha
#[image]

#width
#752

#height
#480

#[narrow_stereo/left]

#camera matrix
#362.883664 0.000000 365.897846
#0.000000 363.642850 251.220460
#0.000000 0.000000 1.000000

#distortion
#-0.243561 0.044257 0.000075 -0.000896 0.000000

#rectification
#1.000000 0.000000 0.000000
#0.000000 1.000000 0.000000
#0.000000 0.000000 1.000000

#projection
#248.430420 0.000000 365.682856 0.000000
#0.000000 317.281982 254.484069 0.000000
#0.000000 0.000000 1.000000 0.000000


##new calibration golf##
#[image]

#width
#752

#height
#480

#[narrow_stereo/left]

#camera matrix
#365.823906 0.000000 350.083347
#0.000000 366.357654 233.967902
#0.000000 0.000000 1.000000

#distortion
#0.321459 -0.023198 -0.000118 -0.000774 0.001445 0.651311 0.000000 0.000000

#rectification
#1.000000 0.000000 0.000000
#0.000000 1.000000 0.000000
#0.000000 0.000000 1.000000

#projection
#229.402664 0.000000 317.520594 0.000000
#0.000000 311.461151 231.272345 0.000000
#0.000000 0.000000 1.000000 0.000000

##new calibration alpha##
#[image]

#width
#752

#height
#480

#[narrow_stereo/left]

#camera matrix
#365.346196 0.000000 360.656921
#0.000000 365.961280 252.736684
#0.000000 0.000000 1.000000

#distortion
#0.340729 -0.029741 -0.000425 -0.000086 0.002551 0.666066 0.000000 0.000000

#rectification
#1.000000 0.000000 0.000000
#0.000000 1.000000 0.000000
#0.000000 0.000000 1.000000

#projection
#231.928925 0.000000 343.054060 0.000000
#0.000000 311.809814 256.230268 0.000000
#0.000000 0.000000 1.000000 0.000000



##new calibration oscar##
#[image]

#width
#752

#height
#480

#[narrow_stereo/left]

#camera matrix
#364.494955 0.000000 354.366904
#0.000000 365.095998 209.198485
#0.000000 0.000000 1.000000

#distortion
#0.340456 -0.026779 -0.000568 -0.000407 0.002084 0.665657 0.000000 0.000000

#rectification
#1.000000 0.000000 0.000000
#0.000000 1.000000 0.000000
#0.000000 0.000000 1.000000

#projection
#231.993973 0.000000 329.525876 0.000000
#0.000000 307.836273 197.918561 0.000000
#0.000000 0.000000 1.000000 0.000000
