# --- local parameters  --- #
fx: 621.755015
fy: 617.402184
cx: 395.913754
cy: 60
d0: -0.406827
d1: 0.173936
d2: -6.1e-05
d3: -0.002139
RANSAC_sample_num: 4400